34 pick 496 523 497 524
35 pick 496 524 497 525
36 pick 495 525 496 525
37 pick 495 525 494 524
38 pick 494 526 495 526
39 pick 493 525 496 527
40 pick 492 528 493 528
41 pick 492 529 492 529
42 pick 491 528 493 530
43 pick 490 526 493 528
44 pick 492 527 493 528
45 pick 491 526 494 529
46 pick 495 529 494 528
47 pick 493 527 494 528
48 pick 495 528 494 527
49 pick 494 526 496 528
50 pick 496 527 495 526
51 pick 496 528 493 526
52 pick 493 525 494 525
53 pick 495 526 492 523
54 pick 494 527 489 522
55 pick 493 525 489 521
56 pick 492 523 491 521
57 pick 492 523 489 520
58 pick 491 522 489 520
59 pick 491 522 488 518
60 pick 490 521 487 518
61 pick 489 519 487 517
62 pick 489 519 486 517
63 pick 475 507 490 513
64 pick 470 502 489 512
65 pick 470 500 487 508
66 pick 470 499 486 508
67 pick 470 499 486 507
68 pick 469 498 486 507
69 pick 469 498 486 506
70 pick 470 499 485 506
71 pick 470 499 484 505
72 pick 470 501 483 505
73 pick 469 501 483 505
74 pick 468 499 483 505
75 pick 467 498 484 506
75 pick 510 545 505 531
76 pick 467 496 484 505
76 pick 508 543 505 530
77 pick 467 496 484 504
77 pick 508 544 504 530
78 pick 467 497 483 505
78 pick 501 538 505 532
79 pick 467 497 483 504
79 pick 499 534 504 530
80 pick 466 496 483 504
80 pick 499 534 505 531
81 pick 466 494 484 504
81 pick 499 535 502 529
82 pick 466 494 484 504
82 pick 498 532 503 527
83 pick 498 532 504 529
84 pick 500 535 504 529
85 pick 500 535 503 528
86 pick 499 533 504 529
87 pick 502 534 503 527
88 pick 498 531 502 526
89 pick 498 532 501 526
90 pick 498 535 499 527
91 pick 496 533 502 529
92 pick 498 534 501 527
93 pick 498 533 501 527
94 pick 498 533 500 526
95 pick 497 531 500 525
96 pick 497 532 501 526
97 pick 497 535 499 527
98 pick 495 532 500 527
99 pick 498 535 499 527
100 pick 497 534 498 525
101 pick 500 535 498 524
102 pick 499 531 500 523
103 pick 500 532 499 522
104 pick 502 535 500 523
105 pick 501 531 501 522
106 pick 503 532 501 522
107 pick 503 533 500 522
108 pick 501 531 500 522
109 pick 501 532 499 522
110 pick 497 530 500 523
111 pick 498 531 499 523
112 pick 499 534 497 523
113 pick 495 531 497 523
114 pick 497 534 497 524
115 pick 500 535 498 524
116 pick 497 533 499 525
117 pick 499 534 499 524
118 pick 499 532 498 523
119 pick 496 530 499 524
120 pick 498 533 498 523
121 pick 498 533 498 524
122 pick 498 531 500 524
123 pick 498 534 499 525
124 pick 498 534 498 524
125 pick 497 531 499 523
126 pick 498 532 498 523
127 pick 498 533 498 524
128 pick 499 534 497 523
129 pick 497 532 499 525
130 pick 500 535 499 525
131 pick 499 534 498 524
132 pick 498 532 498 523
133 pick 500 535 499 524
134 pick 500 536 498 525
135 pick 497 533 498 525
136 pick 496 531 499 524
137 pick 502 537 498 523
138 pick 498 533 498 524
139 pick 497 532 498 523
140 pick 497 532 499 525
141 pick 497 530 500 524
142 pick 497 533 498 524
143 pick 497 531 499 524
144 pick 498 534 499 525
145 pick 498 535 498 525
146 pick 499 538 497 526
147 pick 496 535 498 527
148 pick 495 537 497 527
149 pick 496 539 495 526
150 pick 495 535 497 526
151 pick 495 537 496 526
152 pick 494 533 498 527
153 pick 495 534 495 524
154 pick 495 534 498 526
155 pick 495 534 497 526
156 pick 494 533 497 525
157 pick 498 534 497 524
158 pick 496 532 497 523
159 pick 496 533 495 523
160 pick 496 537 498 527
161 pick 496 536 496 525
162 pick 495 532 497 524
163 pick 496 533 497 525
164 pick 496 536 495 524
165 pick 495 532 497 524
166 pick 498 535 496 524
167 pick 498 533 499 524
168 pick 496 531 497 523
169 pick 498 534 497 524
170 pick 497 535 494 522
171 pick 496 532 498 524
172 pick 499 535 497 523
173 pick 498 536 499 527
174 pick 493 531 497 524
175 pick 497 534 497 524
176 pick 497 534 499 526
177 pick 496 535 497 525
178 pick 496 533 499 526
179 pick 497 534 498 526
180 pick 493 532 498 526
181 pick 492 533 498 528
182 pick 495 536 498 528
183 pick 494 535 497 527
184 pick 494 535 497 527
185 pick 493 531 498 525
186 pick 496 532 497 524
187 pick 495 530 498 523
188 pick 497 531 497 522
189 pick 497 531 500 525
190 pick 497 532 498 524
191 pick 498 533 497 523
192 pick 498 531 498 523
193 pick 498 529 500 522
194 pick 501 532 500 522
195 pick 501 533 499 522
196 pick 501 531 500 522
197 pick 501 532 500 523
198 pick 501 532 500 522
199 pick 498 529 502 524
200 pick 497 527 502 524
201 pick 501 529 501 523
202 pick 501 531 500 522
203 pick 502 534 499 523
204 pick 499 532 500 524
205 pick 495 528 500 524
206 pick 498 531 500 524
207 pick 498 532 499 524
208 pick 498 530 502 526
209 pick 498 528 503 525
210 pick 499 529 501 523
211 pick 498 530 500 523
212 pick 498 530 501 524
213 pick 498 531 500 524
214 pick 497 529 501 524
215 pick 498 530 500 524
216 pick 498 533 498 523
217 pick 498 531 499 524
218 pick 498 534 498 524
219 pick 497 532 500 525
220 pick 495 530 499 525
221 pick 495 533 497 525
222 pick 498 536 497 525
223 pick 494 533 495 524
224 pick 493 532 496 525
225 pick 492 536 496 527
226 pick 495 538 494 525
227 pick 494 536 495 526
228 pick 493 538 493 525
229 pick 492 534 495 525
230 pick 491 536 495 528
231 pick 490 540 494 530
232 pick 489 542 493 531
233 pick 487 547 490 534
234 pick 486 539 492 531
235 pick 490 544 493 532
236 pick 489 541 492 530
237 pick 488 546 491 533
238 pick 487 543 492 533
239 pick 486 543 493 534
240 pick 490 545 492 533
241 pick 489 540 494 532
242 pick 488 542 491 531
243 pick 487 547 490 534
244 pick 486 544 492 535
245 pick 484 549 489 536
246 pick 482 544 489 535
247 pick 486 550 487 534
248 pick 484 548 489 535
249 pick 488 554 485 534
250 pick 483 549 490 538
251 pick 481 546 494 542
252 pick 484 547 492 538
253 pick 482 545 495 541
254 pick 480 543 489 535
255 pick 484 546 490 536
256 pick 482 551 488 538
257 pick 480 549 490 540
258 pick 478 548 489 540
259 pick 481 552 490 541
260 pick 479 546 490 539
261 pick 477 550 486 539
262 pick 475 547 488 541
263 pick 478 547 489 539
264 pick 476 548 486 538
265 pick 474 545 486 538
266 pick 472 550 485 541
267 pick 470 550 485 544
268 pick 473 552 485 543
269 pick 471 546 487 542
270 pick 474 547 485 538
271 pick 472 550 484 541
272 pick 470 548 484 541
273 pick 473 556 484 545
274 pick 470 554 485 546
275 pick 468 551 485 546
276 pick 471 552 488 547
277 pick 474 558 484 544
278 pick 472 555 486 546
279 pick 475 557 486 546
280 pick 473 550 487 544
281 pick 476 555 487 545
282 pick 474 549 488 543
283 pick 477 553 487 543
284 pick 475 550 488 543
285 pick 473 552 487 545
286 pick 471 557 486 549
287 pick 468 555 486 550
288 pick 471 558 485 549
289 pick 468 558 484 549
290 pick 465 555 484 550
291 pick 468 565 483 554
292 pick 465 561 486 556
293 pick 468 569 483 557
294 pick 465 560 486 556
295 pick 462 558 487 557
296 pick 465 562 483 554
297 pick 467 566 482 554
298 pick 464 557 485 553
299 pick 467 565 483 556
300 pick 464 557 486 553
301 pick 467 565 482 554
302 pick 491 542 493 549
303 pick 490 540 493 548
304 pick 489 536 497 547
305 pick 493 538 496 545
306 pick 489 534 496 544
307 pick 489 538 493 546
308 pick 489 535 495 546
309 pick 492 539 495 546
310 pick 492 540 494 547
311 pick 491 538 495 545
312 pick 491 536 499 547
313 pick 491 539 496 548
314 pick 490 538 495 547
315 pick 490 538 493 545
316 pick 489 538 494 547
317 pick 493 540 493 544
318 pick 492 537 497 546
319 pick 492 536 497 545
320 pick 492 541 494 547
321 pick 491 538 498 549
322 pick 491 536 497 546
323 pick 490 540 497 550
324 pick 480 530 496 549
325 pick 479 530 496 551
326 pick 478 527 497 549
327 pick 478 526 496 548
328 pick 477 523 497 547
10 car 280 373 154 247
11 car 275 367 154 246
12 car 279 369 153 245
13 car 274 365 152 244
14 car 276 369 150 244
15 car 273 369 149 245
16 car 272 369 147 245
17 car 269 366 148 246
18 car 270 367 148 246
19 car 269 363 150 245
20 car 269 364 150 246
21 car 267 360 152 247
22 car 267 362 152 248
23 car 266 358 155 247
24 car 267 359 155 249
25 car 263 356 155 249
26 car 264 356 155 248
27 car 262 354 155 247
28 car 261 353 154 247
29 car 260 352 154 247
30 car 259 350 154 246
31 car 256 347 155 247
32 car 262 352 155 246
33 car 259 348 155 246
34 car 261 350 157 247
35 car 262 351 158 248
36 car 263 352 158 248
37 car 265 356 156 249
38 car 264 354 155 247
39 car 263 354 154 246
40 car 262 354 152 245
41 car 265 357 152 245
42 car 262 356 151 245
43 car 265 358 150 245
44 car 261 356 150 245
45 car 261 357 150 246
46 car 259 354 150 246
47 car 261 355 151 246
48 car 259 352 153 246
49 car 261 353 154 247
50 car 259 350 155 248
51 car 260 352 155 248
52 car 259 351 155 248
53 car 258 350 154 247
54 car 256 348 154 247
55 car 256 347 153 246
56 car 255 346 152 245
57 car 254 346 152 245
58 car 252 343 153 245
59 car 257 348 153 245
60 car 254 344 154 245
61 car 259 349 155 245
62 car 256 346 156 246
63 car 261 351 155 246
64 car 260 351 154 246
65 car 259 351 152 245
66 car 259 351 151 244
67 car 261 353 150 243
68 car 259 352 149 243
69 car 262 355 148 242
70 car 260 354 147 242
71 car 257 351 147 242
72 car 259 353 147 242
73 car 259 353 147 242
74 car 257 350 149 243
75 car 259 352 150 243
76 car 260 352 151 244
77 car 258 350 151 244
78 car 258 351 151 244
79 car 258 350 151 244
80 car 257 349 150 243
81 car 256 348 150 242
82 car 255 347 149 242
83 car 255 347 149 242
84 car 255 347 149 242
85 car 255 347 149 242
86 car 258 350 149 242
87 car 255 347 149 242
88 car 261 352 150 242
89 car 259 350 150 242
90 car 264 355 151 243
91 car 262 353 149 241
92 car 261 352 147 239
93 car 261 353 146 238
94 car 264 355 145 237
95 car 263 355 144 237
96 car 265 357 143 237
97 car 263 355 143 237
98 car 262 355 143 236
99 car 262 355 143 236
100 car 260 352 143 237
101 car 262 354 144 237
102 car 262 354 144 237
103 car 260 352 145 238
104 car 261 353 145 238
105 car 260 352 144 238
106 car 259 352 143 237
107 car 258 350 143 236
108 car 257 350 142 236
109 car 256 349 141 235
110 car 255 348 140 235
111 car 255 348 141 235
112 car 259 351 141 235
113 car 255 348 141 235
114 car 261 353 142 235
115 car 258 350 142 235
116 car 263 355 143 236
117 car 264 355 141 234
118 car 260 351 140 232
119 car 263 354 138 230
120 car 262 353 137 229
121 car 264 356 136 229
122 car 263 355 135 228
123 car 262 355 134 228
124 car 262 355 134 228
125 car 264 357 133 228
126 car 263 356 133 227
127 car 261 353 134 227
128 car 262 355 134 228
129 car 263 355 134 228
130 car 262 356 133 227
131 car 262 355 132 226
132 car 261 355 130 225
133 car 262 356 128 223
134 car 262 356 126 221
135 car 263 356 123 218
136 car 260 354 121 216
137 car 260 354 119 215
138 car 263 357 117 212
139 car 262 356 116 211
140 car 265 360 114 210
141 car 264 359 112 208
142 car 268 362 108 203
143 car 269 363 105 201
144 car 266 360 101 196
145 car 267 361 98 193
146 car 266 360 92 188
147 car 264 358 89 184
148 car 265 359 85 180
149 car 265 359 81 176
150 car 262 356 78 173
151 car 263 357 75 170
152 car 260 354 72 167
153 car 256 350 70 165
154 car 259 353 69 164
155 car 255 350 66 162
156 car 254 349 65 161
157 car 253 348 63 160
158 car 251 347 61 158
159 car 253 347 59 154
160 car 250 345 55 151
161 car 251 346 52 148
162 car 253 347 49 144
163 car 254 348 46 142
164 car 255 349 45 140
165 car 258 352 42 138
166 car 260 355 40 136
167 car 263 358 38 134
168 car 266 361 36 133
169 car 269 365 31 128
170 car 272 368 28 125
171 car 273 369 23 120
172 car 276 372 20 117
173 car 279 376 17 114
174 car 282 379 13 111
175 car 282 379 13 111
176 car 282 379 13 111
177 car 282 379 13 111
178 car 282 379 13 111
179 car 282 379 13 111
180 car 282 379 13 111
181 car 282 379 13 111
182 car 282 379 13 111
183 car 282 379 13 111
184 car 282 379 13 111
185 car 282 379 13 111
186 car 282 379 13 111
187 car 282 379 13 111
188 car 282 379 13 111
189 car 282 379 13 111
190 car 282 379 13 111
191 car 282 379 13 111
192 car 282 379 13 111
193 car 282 379 13 111
194 car 282 379 13 111
195 car 282 379 13 111
196 car 282 379 13 111
197 car 282 379 13 111
198 car 282 379 13 111
199 car 282 379 13 111
200 car 282 379 13 111
201 car 282 379 13 111
202 car 282 379 13 111
203 car 282 379 13 111
204 car 282 379 13 111
205 car 282 379 13 111
206 car 282 379 13 111
207 car 282 379 13 111
208 car 282 379 13 111
209 car 282 379 13 111
210 car 282 379 13 111
211 car 282 379 13 111
212 car 282 379 13 111
213 car 282 379 13 111
214 car 282 379 13 111
215 car 282 379 13 111
216 car 282 379 13 111
217 car 282 379 13 111
218 car 282 379 13 111
219 car 282 379 13 111
29 car 89 210 340 444
30 car 93 210 344 444
31 car 93 209 344 442
32 car 95 209 341 438
33 car 97 210 338 435
34 car 104 220 334 433
35 car 128 241 331 428
36 car 148 263 334 432
37 car 176 289 336 432
38 car 199 314 334 432
39 car 221 335 333 431
40 car 232 346 341 438
41 car 234 351 341 442
42 car 235 353 343 443
43 car 233 352 346 447
44 car 234 354 346 449
45 car 234 357 344 448
46 car 233 361 338 447
47 car 223 351 333 442
48 car 212 342 331 442
49 car 192 324 329 441
50 car 164 297 327 440
51 car 136 269 326 439
52 car 111 244 325 438
53 car 96 227 324 436
54 car 85 217 328 440
55 car 81 212 329 441
56 car 80 211 335 446
57 car 81 212 336 448
58 car 80 213 334 447
59 car 84 217 329 442
60 car 88 222 327 441
61 car 95 230 323 438
62 car 114 250 321 437
63 car 140 275 323 439
64 car 166 300 325 439
65 car 194 329 321 435
66 car 211 344 325 439
67 car 224 358 329 444
68 car 222 357 331 447
69 car 224 361 334 451
70 car 224 363 335 454
71 car 224 363 334 452
72 car 229 366 330 447
73 car 220 356 327 444
74 car 210 346 324 440
75 car 196 332 323 439
76 car 173 310 321 438
77 car 144 281 320 437
78 car 118 256 318 436
79 car 99 235 320 437
80 car 88 224 322 437
81 car 85 219 326 441
82 car 80 214 329 443
83 car 79 213 331 445
84 car 83 217 331 445
85 car 85 219 327 441
86 car 87 220 324 438
87 car 91 224 320 434
88 car 107 241 319 433
89 car 132 266 320 434
90 car 157 292 319 433
91 car 183 317 320 434
92 car 205 339 321 436
93 car 218 353 322 438
94 car 227 363 326 442
95 car 222 359 328 445
96 car 226 364 331 448
97 car 226 364 331 448
98 car 231 368 328 445
99 car 225 363 323 441
100 car 215 352 320 436
101 car 205 341 318 435
102 car 185 322 317 433
103 car 157 293 316 432
104 car 131 267 315 430
105 car 106 241 316 432
106 car 92 228 312 428
107 car 84 220 316 432
108 car 80 216 317 433
109 car 78 214 323 438
110 car 81 216 323 439
111 car 84 220 320 436
112 car 86 221 317 432
113 car 91 225 316 430
114 car 101 236 312 427
115 car 120 256 310 426
116 car 146 281 311 427
117 car 174 310 313 429
118 car 196 333 311 428
119 car 213 350 312 429
120 car 227 364 317 434
121 car 223 360 320 437
122 car 226 364 322 440
123 car 226 365 323 441
124 car 230 368 321 439
125 car 231 369 316 434
126 car 220 358 313 430
127 car 210 347 310 427
128 car 196 333 309 425
129 car 171 307 308 424
130 car 142 279 304 421
131 car 118 256 302 419
132 car 101 239 301 418
133 car 90 229 302 420
134 car 83 221 306 423
135 car 86 223 307 424
136 car 86 224 308 426
137 car 89 228 305 424
138 car 91 229 301 420
139 car 89 228 295 413
140 car 100 239 291 409
141 car 119 259 286 406
142 car 142 283 285 405
143 car 172 313 283 403
144 car 198 340 279 400
145 car 221 364 277 399
146 car 231 376 278 401
147 car 239 385 280 404
148 car 238 386 281 407
149 car 238 386 281 408
150 car 239 388 278 406
151 car 241 390 272 399
152 car 238 389 265 393
153 car 220 370 261 388
154 car 202 352 254 381
155 car 180 331 254 383
156 car 145 296 253 382
157 car 112 264 248 378
158 car 87 239 249 380
159 car 68 221 248 378
160 car 59 213 251 383
161 car 53 209 253 386
162 car 56 213 254 388
163 car 59 219 251 388
164 car 60 221 246 383
165 car 65 227 235 372
166 car 69 233 229 369
167 car 89 254 224 364
168 car 119 285 222 363
169 car 157 325 220 362
170 car 196 364 215 358
171 car 228 396 213 357
172 car 255 424 214 359
173 car 271 442 216 362
174 car 273 446 219 366
175 car 277 450 221 369
176 car 282 456 220 369
177 car 284 459 213 363
178 car 285 461 208 358
179 car 276 452 198 349
180 car 254 431 190 341
181 car 232 410 188 339
182 car 194 373 185 338
183 car 151 333 179 334
184 car 116 299 177 333
185 car 93 277 179 335
186 car 79 263 180 337
187 car 68 253 181 339
188 car 72 258 188 346
189 car 72 258 189 348
190 car 75 260 186 344
191 car 77 262 181 339
192 car 82 269 171 331
193 car 97 284 170 329
194 car 127 316 167 328
195 car 166 356 165 327
196 car 205 397 162 326
197 car 246 438 164 328
198 car 274 465 166 329
199 car 293 484 170 334
200 car 291 482 176 339
201 car 291 481 182 344
202 car 293 484 185 347
203 car 293 483 183 345
204 car 299 489 176 338
205 car 285 474 173 334
206 car 271 459 168 329
207 car 247 437 166 328
208 car 212 400 168 329
209 car 167 357 166 328
210 car 126 319 163 327
211 car 98 291 164 329
212 car 79 272 170 335
213 car 73 264 180 343
214 car 67 258 182 345
215 car 65 256 191 354
216 car 67 257 193 354
217 car 72 261 189 350
218 car 72 260 187 348
219 car 83 270 185 346
30 van 81 209 351 451
31 van 81 209 351 450
32 van 85 208 349 445
33 van 86 209 346 442
34 van 94 220 341 440
35 van 111 240 339 440
36 van 138 267 342 443
37 van 164 291 342 441
38 van 191 317 344 442
39 van 206 332 342 441
40 van 218 346 345 445
41 van 222 351 349 449
42 van 224 352 351 451
43 van 222 350 355 454
44 van 223 352 355 455
45 van 222 355 352 456
46 van 223 358 347 452
47 van 213 347 342 448
48 van 200 339 340 448
49 van 180 319 338 447
50 van 153 294 336 446
51 van 125 268 334 446
52 van 101 245 333 445
53 van 83 227 332 444
54 van 76 219 336 447
55 van 72 213 340 451
56 van 66 209 341 452
57 van 65 209 343 456
58 van 69 214 341 454
59 van 71 215 338 450
60 van 75 221 335 450
61 van 79 227 331 446
62 van 100 248 329 445
63 van 128 276 328 444
64 van 152 301 327 443
65 van 178 326 331 446
66 van 195 344 332 448
67 van 210 359 335 452
68 van 208 358 338 455
69 van 208 357 342 458
70 van 210 361 343 461
71 van 210 361 342 460
72 van 215 366 337 455
73 van 204 356 334 453
74 van 197 352 330 450
75 van 182 336 328 449
76 van 157 310 327 447
77 van 127 282 325 447
78 van 101 256 324 445
79 van 81 237 325 447
80 van 70 225 326 448
81 van 61 217 330 452
82 van 63 220 332 454
83 van 57 214 334 456
84 van 66 222 334 456
85 van 67 222 331 452
86 van 69 224 328 449
87 van 77 233 326 448
88 van 89 245 322 444
89 van 111 268 323 446
90 van 138 295 322 445
91 van 163 321 323 446
92 van 186 344 324 448
93 van 199 356 326 449
94 van 209 367 329 453
95 van 204 363 332 456
96 van 208 367 335 459
97 van 208 366 335 459
98 van 214 370 334 456
99 van 209 365 329 451
100 van 198 354 325 447
101 van 185 342 321 443
102 van 166 323 322 445
103 van 136 294 320 444
104 van 110 268 319 442
105 van 91 248 318 441
106 van 74 233 316 440
107 van 65 224 320 444
108 van 60 219 323 447
109 van 59 217 326 450
110 van 62 221 326 451
111 van 66 224 324 448
112 van 68 226 321 444
113 van 73 231 319 442
114 van 82 240 315 438
115 van 101 259 314 437
116 van 127 286 315 438
117 van 154 312 316 440
118 van 177 335 315 438
119 van 196 354 316 440
120 van 208 367 320 444
121 van 202 362 323 447
122 van 208 367 326 451
123 van 208 367 328 452
124 van 208 367 326 450
125 van 214 372 321 444
126 van 202 360 318 441
127 van 196 353 315 438
128 van 176 334 313 436
129 van 154 311 312 435
130 van 123 282 307 431
131 van 100 259 306 430
132 van 80 240 304 429
133 van 71 231 306 430
134 van 66 226 307 432
135 van 64 224 310 435
136 van 67 228 311 437
137 van 71 232 309 435
138 van 72 234 305 431
139 van 74 236 300 427
140 van 79 241 293 420
141 van 99 261 292 418
142 van 123 284 291 417
143 van 153 314 286 413
144 van 179 342 285 412
145 van 203 365 283 410
146 van 219 381 288 415
147 van 223 387 286 414
148 van 217 382 287 416
149 van 224 390 288 417
150 van 220 387 284 415
151 van 225 392 280 411
152 van 221 389 272 403
153 van 204 373 265 396
154 van 187 356 263 395
155 van 163 332 261 394
156 van 126 297 260 393
157 van 94 265 255 388
158 van 65 237 259 393
159 van 52 223 258 392
160 van 42 214 259 394
161 van 35 209 260 396
162 van 38 213 262 399
163 van 43 218 260 397
164 van 45 220 255 392
165 van 46 223 247 385
166 van 51 230 238 378
167 van 73 252 237 376
168 van 102 282 232 372
169 van 144 324 227 368
170 van 182 362 228 369
171 van 212 393 227 368
172 van 237 419 225 367
173 van 255 438 229 372
174 van 257 442 231 375
175 van 260 446 233 378
176 van 266 453 232 378
177 van 268 455 226 372
178 van 270 457 221 367
179 van 263 451 211 358
180 van 244 433 206 354
181 van 216 406 201 349
182 van 180 371 199 348
183 van 135 327 194 343
184 van 103 295 191 342
185 van 79 272 189 341
186 van 63 257 194 346
187 van 57 251 196 348
188 van 54 249 202 355
189 van 56 253 203 356
190 van 63 259 199 353
191 van 64 262 192 346
192 van 71 269 185 340
193 van 82 280 180 335
194 van 114 313 175 330
195 van 147 347 176 332
196 van 193 394 177 334
197 van 227 428 179 336
198 van 255 457 181 338
199 van 275 478 184 343
200 van 272 476 189 349
201 van 277 482 193 353
202 van 272 477 196 356
203 van 279 484 195 354
204 van 281 486 187 348
205 van 266 472 183 344
206 van 252 458 178 339
207 van 231 438 176 338
208 van 196 403 178 339
209 van 152 360 175 338
210 van 107 316 173 337
211 van 77 287 175 339
212 van 60 271 180 344
213 van 53 264 189 354
214 van 46 257 193 358
215 van 43 255 198 364
216 van 46 259 200 366
217 van 52 265 196 362
218 van 50 263 194 360
219 van 66 280 188 355
